1 0.8269230769230769 0.30408653846153844 0.057692307692307696 0.07692307692307693
0 0.6382211538461539 0.30288461538461536 0.08173076923076923 0.13942307692307693
1 0.6935096153846154 0.3545673076923077 0.04326923076923077 0.07211538461538461
1 0.05889423076923077 0.23918269230769232 0.040865384615384616 0.06490384615384616
1 0.09254807692307693 0.24759615384615385 0.03365384615384615 0.0625
1 0.15504807692307693 0.26802884615384615 0.040865384615384616 0.0625
0 0.4807692307692308 0.3425480769230769 0.12259615384615384 0.2091346153846154
1 0.9110576923076923 0.4326923076923077 0.04567307692307692 0.07451923076923077
0 0.7944711538461539 0.43028846153846156 0.07211538461538461 0.09375
0 0.22355769230769232 0.31971153846153844 0.1466346153846154 0.22596153846153846
0 0.3762019230769231 0.38461538461538464 0.08653846153846154 0.13942307692307693