1 0.8305288461538461 0.31009615384615385 0.057692307692307696 0.07692307692307693
0 0.6418269230769231 0.30528846153846156 0.08413461538461539 0.13942307692307693
1 0.6959134615384616 0.3581730769230769 0.04567307692307692 0.07451923076923077
1 0.06370192307692307 0.23197115384615385 0.040865384615384616 0.06490384615384616
1 0.09615384615384616 0.24158653846153846 0.03365384615384615 0.0625
1 0.15865384615384615 0.2620192307692308 0.04326923076923077 0.0625
0 0.4831730769230769 0.3425480769230769 0.12740384615384615 0.21153846153846154
1 0.9122596153846154 0.43990384615384615 0.04567307692307692 0.07451923076923077
0 0.7956730769230769 0.43509615384615385 0.07211538461538461 0.09615384615384616
0 0.22716346153846154 0.31490384615384615 0.15144230769230768 0.2283653846153846
0 0.3786057692307692 0.38221153846153844 0.0889423076923077 0.14182692307692307