1 0.16346153846153846 0.32091346153846156 0.06009615384615385 0.07932692307692307
0 0.35096153846153844 0.31009615384615385 0.0889423076923077 0.13942307692307693
1 0.29927884615384615 0.36538461538461536 0.04807692307692308 0.07451923076923077
1 0.9266826923076923 0.21634615384615385 0.04326923076923077 0.06490384615384616
1 0.8942307692307693 0.22716346153846154 0.036057692307692304 0.0625
1 0.8329326923076923 0.25 0.04326923076923077 0.0625
0 0.5120192307692307 0.3425480769230769 0.13221153846153846 0.21153846153846154
1 0.08653846153846154 0.4543269230769231 0.04807692307692308 0.07451923076923077
0 0.203125 0.44471153846153844 0.07451923076923077 0.09615384615384616
0 0.7668269230769231 0.30649038461538464 0.15625 0.2283653846153846
0 0.6165865384615384 0.37740384615384615 0.09134615384615384 0.14182692307692307