1 0.20793269230769232 0.2548076923076923 0.04807692307692308 0.07211538461538461
0 0.3942307692307692 0.28365384615384615 0.0625 0.13221153846153846
1 0.3317307692307692 0.3269230769230769 0.03365384615384615 0.06971153846153846
1 0.9771634615384616 0.3112980769230769 0.03125 0.06009615384615385
1 0.9423076923076923 0.31490384615384615 0.02403846153846154 0.06009615384615385
1 0.8774038461538461 0.3245192307692308 0.03365384615384615 0.057692307692307696
0 0.5444711538461539 0.3485576923076923 0.09375 0.19951923076923078
1 0.1045673076923077 0.36899038461538464 0.03365384615384615 0.06971153846153846
0 0.22115384615384615 0.38461538461538464 0.06009615384615385 0.08653846153846154
0 0.8004807692307693 0.36538461538461536 0.11778846153846154 0.21394230769230768
0 0.6394230769230769 0.4050480769230769 0.0673076923076923 0.13221153846153846