1 0.18028846153846154 0.2932692307692308 0.055288461538461536 0.07692307692307693
0 0.36778846153846156 0.2980769230769231 0.07932692307692307 0.13701923076923078
1 0.3112980769230769 0.3485576923076923 0.040865384615384616 0.07211538461538461
1 0.9507211538461539 0.2548076923076923 0.038461538461538464 0.06490384615384616
1 0.9158653846153846 0.2620192307692308 0.03125 0.0625
1 0.8533653846153846 0.2800480769230769 0.040865384615384616 0.0625
0 0.5252403846153846 0.34375 0.11778846153846154 0.2091346153846154
1 0.09134615384615384 0.4182692307692308 0.04326923076923077 0.07211538461538461
0 0.2091346153846154 0.41947115384615385 0.06971153846153846 0.09375
0 0.7824519230769231 0.33052884615384615 0.14182692307692307 0.22355769230769232
0 0.6274038461538461 0.38822115384615385 0.08173076923076923 0.13942307692307693